2)  3.137172  3.141592653589793  0.998592862258975  784293
3)  4.176672  4.72654360241471  0.8836630636108403  522084
4)  4.929344  4.934802200544679  0.9988939373205118  308084
5)  5.270368  11.879099726574312  0.44366729140339206  164699
6)  5.175872  5.167712780049969  1.0015788841789988  80873
7)  4.717056  21.325309961295073  0.2211951905300014  36852
8)  4.123392  4.058712126416768  1.0159360584265766  16107
9)  3.295232  29.77574982663548  0.11066831294546599  6436
10)  2.566144  2.550164039877345  1.0062662479247506  2506
11)  1.90464  34.01573705835839  0.05599290695163665  930
12)  1.35168  1.3352627688545893  1.0122951313616673  330
13)  0.77824  32.88110450737871  0.023668304689258797  95
14)  0.458752  0.5992645293207919  0.7655250353628485  28
15)  0.393216  27.546409696613114  0.014274673336044468  12
16)  0.524288  0.23533063035889312  2.227878280020029  8
17)  0.131072  20.362258431918683  0.006437006996951733  1
18)  0.0  0.08214588661112819  0.0  0
