1) 0.0
2) 0.004
3) 0.007
4) 0.024
5) 0.03
6) 0.037
7) 0.056
8) 0.078
9) 0.122
10) 0.118
11) 0.131
12) 0.165
13) 0.192
14) 0.224
15) 0.245
16) 0.286
17) 0.31
18) 0.351
19) 0.384
20) 0.417
21) 0.444
22) 0.477
23) 0.491
24) 0.525
25) 0.578
26) 0.578
27) 0.618
28) 0.646
29) 0.666
30) 0.717
31) 0.731
32) 0.743
33) 0.79
34) 0.79
35) 0.818
36) 0.823
37) 0.846
38) 0.855
39) 0.873
40) 0.872
41) 0.918
42) 0.923
43) 0.904
44) 0.918
45) 0.942
46) 0.963
47) 0.951
48) 0.96
49) 0.962
50) 0.961
51) 0.977
52) 0.982
53) 0.975
54) 0.986
55) 0.987
56) 0.983
57) 0.996
58) 0.991
59) 0.991
60) 0.994
61) 0.995
62) 0.996
63) 0.995
64) 1.0
65) 0.999
66) 0.999
67) 1.0
68) 0.999
69) 0.999
70) 0.999
71) 0.999
72) 0.999
73) 1.0
74) 1.0
75) 1.0
76) 1.0
77) 1.0
78) 1.0
79) 1.0
80) 1.0
81) 1.0
82) 1.0
83) 1.0
84) 1.0
85) 1.0
86) 1.0
87) 1.0
88) 1.0
89) 1.0
90) 1.0
91) 1.0
92) 1.0
93) 1.0
94) 1.0
95) 1.0
96) 1.0
97) 1.0
98) 1.0
99) 1.0
100) 1.0
101) 1.0
102) 1.0
103) 1.0
104) 1.0
105) 1.0
106) 1.0
107) 1.0
108) 1.0
109) 1.0
110) 1.0
111) 1.0
112) 1.0
113) 1.0
114) 1.0
115) 1.0
116) 1.0
117) 1.0
118) 1.0
119) 1.0
120) 1.0
121) 1.0
122) 1.0
123) 1.0
124) 1.0
125) 1.0
126) 1.0
127) 1.0
128) 1.0
129) 1.0
130) 1.0
131) 1.0
132) 1.0
133) 1.0
134) 1.0
135) 1.0
136) 1.0
137) 1.0
138) 1.0
139) 1.0
140) 1.0
141) 1.0
142) 1.0
143) 1.0
144) 1.0
145) 1.0
146) 1.0
147) 1.0
148) 1.0
149) 1.0
150) 1.0
151) 1.0
152) 1.0
153) 1.0
154) 1.0
155) 1.0
156) 1.0
157) 1.0
158) 1.0
159) 1.0
160) 1.0
161) 1.0
162) 1.0
163) 1.0
164) 1.0
165) 1.0
166) 1.0
167) 1.0
168) 1.0
169) 1.0
170) 1.0
171) 1.0
172) 1.0
173) 1.0
174) 1.0
175) 1.0
176) 1.0
177) 1.0
178) 1.0
179) 1.0
180) 1.0
181) 1.0
182) 1.0
183) 1.0
184) 1.0
185) 1.0
186) 1.0
187) 1.0
188) 1.0
189) 1.0
190) 1.0
191) 1.0
192) 1.0
193) 1.0
194) 1.0
195) 1.0
196) 1.0
197) 1.0
198) 1.0
199) 1.0
200) 1.0
201) 1.0
202) 1.0
203) 1.0
204) 1.0
205) 1.0
206) 1.0
207) 1.0
208) 1.0
209) 1.0
210) 1.0
211) 1.0
212) 1.0
213) 1.0
214) 1.0
215) 1.0
216) 1.0
217) 1.0
218) 1.0
219) 1.0
220) 1.0
221) 1.0
222) 1.0
223) 1.0
224) 1.0
225) 1.0
226) 1.0
227) 1.0
228) 1.0
229) 1.0
230) 1.0
231) 1.0
232) 1.0
233) 1.0
234) 1.0
235) 1.0
236) 1.0
237) 1.0
238) 1.0
239) 1.0
240) 1.0
241) 1.0
242) 1.0
243) 1.0
244) 1.0
245) 1.0
246) 1.0
247) 1.0
248) 1.0
249) 1.0
250) 1.0
251) 1.0
252) 1.0
253) 1.0
254) 1.0
255) 1.0
256) 1.0
257) 1.0
258) 1.0
259) 1.0
260) 1.0
261) 1.0
262) 1.0
263) 1.0
264) 1.0
265) 1.0
266) 1.0
267) 1.0
268) 1.0
269) 1.0
270) 1.0
271) 1.0
272) 1.0
273) 1.0
274) 1.0
275) 1.0
276) 1.0
277) 1.0
278) 1.0
279) 1.0
280) 1.0
281) 1.0
282) 1.0
283) 1.0
284) 1.0
285) 1.0
286) 1.0
287) 1.0
288) 1.0
289) 1.0
290) 1.0
291) 1.0
292) 1.0
293) 1.0
294) 1.0
295) 1.0
296) 1.0
297) 1.0
298) 1.0
299) 1.0
300) 1.0
301) 1.0
302) 1.0
303) 1.0
304) 1.0
305) 1.0
306) 1.0
307) 1.0
308) 1.0
309) 1.0
310) 1.0
311) 1.0
312) 1.0
313) 1.0
314) 1.0
315) 1.0
316) 1.0
317) 1.0
318) 1.0
319) 1.0
320) 1.0
321) 1.0
322) 1.0
323) 1.0
324) 1.0
325) 1.0
326) 1.0
327) 1.0
328) 1.0
329) 1.0
330) 1.0
331) 1.0
332) 1.0
333) 1.0
334) 1.0
335) 1.0
336) 1.0
337) 1.0
338) 1.0
339) 1.0
340) 1.0
341) 1.0
342) 1.0
343) 1.0
344) 1.0
345) 1.0
346) 1.0
347) 1.0
348) 1.0
349) 1.0
350) 1.0
351) 1.0
352) 1.0
353) 1.0
354) 1.0
355) 1.0
356) 1.0
357) 1.0
358) 1.0
359) 1.0
360) 1.0
361) 1.0
362) 1.0
363) 1.0
364) 1.0
365) 1.0
366) 1.0
