1) 0.0
2) 0.0
3) 0.0
4) 0.0
5) 0.0
6) 0.002
7) 0.0
8) 0.0
9) 0.0
10) 0.001
11) 0.0
12) 0.002
13) 0.002
14) 0.001
15) 0.001
16) 0.005
17) 0.006
18) 0.011
19) 0.01
20) 0.012
21) 0.008
22) 0.014
23) 0.016
24) 0.015
25) 0.014
26) 0.018
27) 0.027
28) 0.03
29) 0.021
30) 0.027
31) 0.032
32) 0.032
33) 0.033
34) 0.042
35) 0.04
36) 0.049
37) 0.067
38) 0.052
39) 0.065
40) 0.07
41) 0.066
42) 0.076
43) 0.082
44) 0.098
45) 0.102
46) 0.111
47) 0.099
48) 0.135
49) 0.116
50) 0.122
51) 0.137
52) 0.132
53) 0.141
54) 0.156
55) 0.164
56) 0.169
57) 0.179
58) 0.187
59) 0.209
60) 0.18
61) 0.206
62) 0.229
63) 0.222
64) 0.245
65) 0.273
66) 0.237
67) 0.267
68) 0.271
69) 0.285
70) 0.284
71) 0.309
72) 0.324
73) 0.33
74) 0.333
75) 0.365
76) 0.378
77) 0.371
78) 0.382
79) 0.397
80) 0.391
81) 0.423
82) 0.456
83) 0.466
84) 0.453
85) 0.462
86) 0.484
87) 0.531
88) 0.52
89) 0.5
90) 0.527
91) 0.567
92) 0.556
93) 0.569
94) 0.579
95) 0.592
96) 0.596
97) 0.603
98) 0.621
99) 0.657
100) 0.666
101) 0.648
102) 0.669
103) 0.666
104) 0.651
105) 0.697
106) 0.716
107) 0.706
108) 0.718
109) 0.729
110) 0.717
111) 0.762
112) 0.761
113) 0.744
114) 0.787
115) 0.758
116) 0.8
117) 0.816
118) 0.8
119) 0.825
120) 0.835
121) 0.837
122) 0.841
123) 0.857
124) 0.871
125) 0.866
126) 0.853
127) 0.868
128) 0.881
129) 0.882
130) 0.891
131) 0.874
132) 0.897
133) 0.914
134) 0.913
135) 0.917
136) 0.935
137) 0.937
138) 0.919
139) 0.933
140) 0.936
141) 0.94
142) 0.935
143) 0.95
144) 0.949
145) 0.952
146) 0.95
147) 0.952
148) 0.962
149) 0.954
150) 0.96
151) 0.966
152) 0.962
153) 0.965
154) 0.962
155) 0.98
156) 0.982
157) 0.971
158) 0.984
159) 0.985
160) 0.982
161) 0.978
162) 0.988
163) 0.984
164) 0.994
165) 0.985
166) 0.984
167) 0.994
168) 0.99
169) 0.992
170) 0.992
171) 0.99
172) 0.992
173) 0.997
174) 0.992
175) 0.994
176) 0.995
177) 0.996
178) 0.998
179) 0.996
180) 0.997
181) 0.998
182) 0.999
183) 0.995
184) 0.997
185) 0.996
186) 0.996
187) 1.0
188) 0.998
189) 0.999
190) 0.996
191) 0.998
192) 0.999
193) 1.0
194) 0.999
195) 0.999
196) 0.999
197) 0.998
198) 0.999
199) 1.0
200) 1.0
201) 1.0
202) 1.0
203) 1.0
204) 1.0
205) 1.0
206) 1.0
207) 1.0
208) 1.0
209) 1.0
210) 0.999
211) 1.0
212) 1.0
213) 1.0
214) 1.0
215) 1.0
216) 1.0
217) 1.0
218) 1.0
219) 1.0
220) 1.0
221) 1.0
222) 0.999
223) 1.0
224) 1.0
225) 1.0
226) 1.0
227) 1.0
228) 1.0
229) 1.0
230) 1.0
231) 1.0
232) 1.0
233) 1.0
234) 1.0
235) 1.0
236) 1.0
237) 1.0
238) 1.0
239) 1.0
240) 1.0
241) 1.0
242) 1.0
243) 1.0
244) 1.0
245) 1.0
246) 1.0
247) 1.0
248) 1.0
249) 1.0
250) 1.0
251) 1.0
252) 1.0
253) 1.0
254) 1.0
255) 1.0
256) 1.0
257) 1.0
258) 1.0
259) 1.0
260) 1.0
261) 1.0
262) 1.0
263) 1.0
264) 1.0
265) 1.0
266) 1.0
267) 1.0
268) 1.0
269) 1.0
270) 1.0
271) 1.0
272) 1.0
273) 1.0
274) 1.0
275) 1.0
276) 1.0
277) 1.0
278) 1.0
279) 1.0
280) 1.0
281) 1.0
282) 1.0
283) 1.0
284) 1.0
285) 1.0
286) 1.0
287) 1.0
288) 1.0
289) 1.0
290) 1.0
291) 1.0
292) 1.0
293) 1.0
294) 1.0
295) 1.0
296) 1.0
297) 1.0
298) 1.0
299) 1.0
300) 1.0
301) 1.0
302) 1.0
303) 1.0
304) 1.0
305) 1.0
306) 1.0
307) 1.0
308) 1.0
309) 1.0
310) 1.0
311) 1.0
312) 1.0
313) 1.0
314) 1.0
315) 1.0
316) 1.0
317) 1.0
318) 1.0
319) 1.0
320) 1.0
321) 1.0
322) 1.0
323) 1.0
324) 1.0
325) 1.0
326) 1.0
327) 1.0
328) 1.0
329) 1.0
330) 1.0
331) 1.0
332) 1.0
333) 1.0
334) 1.0
335) 1.0
336) 1.0
337) 1.0
338) 1.0
339) 1.0
340) 1.0
341) 1.0
342) 1.0
343) 1.0
344) 1.0
345) 1.0
346) 1.0
347) 1.0
348) 1.0
349) 1.0
350) 1.0
351) 1.0
352) 1.0
353) 1.0
354) 1.0
355) 1.0
356) 1.0
357) 1.0
358) 1.0
359) 1.0
360) 1.0
361) 1.0
362) 1.0
363) 1.0
364) 1.0
365) 1.0
366) 1.0
