1) 4.0   1.2732395447351628
2) 4.0   1.2732395447351628
3) 1.3333333333333333   0.42441318157838753
4) 2.0   0.6366197723675814
5) 3.2   1.0185916357881302
6) 2.6666666666666665   0.8488263631567751
7) 2.857142857142857   0.9094568176679734
8) 2.5   0.7957747154594768
9) 3.111111111111111   0.9902974236829044
10) 3.6   1.1459155902616465
11) 2.5454545454545454   0.810243346649649
12) 3.6666666666666665   1.1671362493405657
13) 3.076923076923077   0.9794150344116637
14) 3.4285714285714284   1.091348181201568
15) 3.466666666666667   1.1034742721038078
16) 3.25   1.0345071300973196
17) 3.0588235294117645   0.9736537695033597
18) 3.5555555555555554   1.1317684842090334
19) 3.3684210526315788   1.0722017218822422
20) 2.6   0.8276057040778558
21) 3.238095238095238   1.0307177266903698
22) 2.727272727272727   0.8681178714103381
23) 3.130434782608696   0.9964483393579535
24) 2.6666666666666665   0.8488263631567751
25) 2.88   0.9167324722093171
26) 3.076923076923077   0.9794150344116637
27) 3.4074074074074074   1.084611464033657
28) 2.857142857142857   0.9094568176679734
29) 3.1724137931034484   1.0098106734106465
30) 3.2   1.0185916357881302
31) 3.4838709677419355   1.1089505712209482
32) 3.0   0.954929658551372
33) 3.0303030303030303   0.9645754126781536
34) 3.176470588235294   1.0111019914073351
35) 3.2   1.0185916357881302
36) 3.3333333333333335   1.061032953945969
37) 2.810810810810811   0.8947088692733577
38) 3.3684210526315788   1.0722017218822422
39) 3.3846153846153846   1.07735653785283
40) 3.4   1.0822536130248883
41) 2.926829268292683   0.9316386912696313
42) 2.857142857142857   0.9094568176679734
43) 2.9767441860465116   0.9475271030587258
44) 2.909090909090909   0.9259923961710275
45) 3.5555555555555554   1.1317684842090334
46) 3.130434782608696   0.9964483393579535
47) 2.978723404255319   0.9481571077815041
48) 2.9166666666666665   0.9284038347027228
49) 3.4285714285714284   1.091348181201568
50) 3.36   1.0695212175775366
51) 3.1372549019607843   0.9986192507726767
52) 3.1538461538461537   1.003900410271955
53) 3.3207547169811322   1.0570290560065503
54) 3.185185185185185   1.0138759337705925
55) 3.0545454545454547   0.9722920159795788
56) 3.142857142857143   1.0004024994347707
57) 2.6666666666666665   0.8488263631567751
58) 2.896551724137931   0.9220010496358075
59) 3.1186440677966103   0.992695238268093
60) 3.1333333333333333   0.9973709767092108
61) 2.9508196721311477   0.9392750739849561
62) 3.096774193548387   0.9857338410852873
63) 3.365079365079365   1.0711380296978352
64) 3.125   0.9947183943243458
65) 2.953846153846154   0.9402384330351972
66) 3.212121212121212   1.0224499374388427
67) 3.283582089552239   1.0451966412005067
68) 3.0588235294117645   0.9736537695033597
69) 2.9565217391304346   0.9410900982825116
70) 2.8   0.8912676813146139
71) 3.6056338028169015   1.1477088853950763
72) 3.0   0.954929658551372
73) 3.0136986301369864   0.95929006795115
74) 3.135135135135135   0.997944508035668
75) 3.4133333333333336   1.0864977448406723
76) 3.3157894736842106   1.0554485699778322
77) 3.012987012987013   0.9590635531771357
78) 3.0256410256410255   0.9630914505048026
79) 2.8860759493670884   0.9186665069608135
80) 3.1   0.9867606471697512
81) 3.111111111111111   0.9902974236829044
82) 3.2195121951219514   1.0248025603965945
83) 2.746987951807229   0.8743934222880033
84) 3.380952380952381   1.0761905675737684
85) 3.2941176470588234   1.0485502133113105
86) 2.744186046511628   0.8735015481322628
87) 2.896551724137931   0.9220010496358075
88) 3.272727272727273   1.041741445692406
89) 3.3707865168539324   1.0729546725296315
90) 3.066666666666667   0.9761503176302915
91) 3.2527472527472527   1.0353816078066158
92) 2.8260869565217392   0.8995714174759303
93) 3.3548387096774195   1.0678783278423947
94) 3.148936170212766   1.0023375139404473
95) 3.2   1.0185916357881302
96) 3.0   0.954929658551372
97) 3.1752577319587627   1.0107159272639952
98) 3.020408163265306   0.9614257786775718
99) 2.8686868686868685   0.913131390668652
100) 3.12   0.993126844893427
10**3) 3.18    1.0122254380644544
10**4) 3.1744    1.0104429027018251
10**5) 3.1448    1.0010209300707849
10**6) 3.139144    0.9992205693545294
